-307361203
1042353770
-2009276312
-2009276312
1403008135
-470912864
-1600512235
-1600512235
1199139130
-167081596
-428054791
-985817915
576423783
-948056079
1403008135
1985029799
-985817915
-1793584842
1199139130
1190308943
-1361198496
608040521
-1376696385
740083720
-754652222
372363749
1959647184
576423783
2062216300
-2074043645
-1361198496
1712128034
1941269654
576423783
2015526221
1786489058
-1376696385
1317502722
435847772
1496671399
1800772750
1221948783
651290444
-908953228
1734283418
-754652222
862763277
878928200
-1529586319
-470912864
max,min,avg
1715075,6,57410.14
1990451,7,65553.42
880,0,71.72
978,1,77.0